    5.77000000e+02    -5.70000000e+01
    0.00000000e+00     1.60000000e+00     0.00000000e+00     0.00000000e+00
    0.00000000e+00     0.00000000e+00    -1.42713568e+00     0.00000000e+00
   -3.05185095e-05     0.00000000e+00     0.00000000e+00     1.00000000e+00
    3.27670000e+04
    3.27670000e+04
   -1.00000000e+00    -0.00000000e+00    -0.00000000e+00
Extrinsic
   -0.00000000e+00     1.00000000e+00    -0.00000000e+00     0.00000000e+00
    0.00000000e+00    -0.00000000e+00    -1.00000000e+00     0.00000000e+00
   -1.00000000e+00    -0.00000000e+00    -0.00000000e+00     3.27670000e+04
    0.00000000e+00     0.00000000e+00     0.00000000e+00     1.00000000e+00
Intrinsic
    1.60000000e+00     0.00000000e+00     0.00000000e+00     0.00000000e+00
    0.00000000e+00     1.42713568e+00     0.00000000e+00     0.00000000e+00
    0.00000000e+00     0.00000000e+00     3.05185095e-05     0.00000000e+00
