0.003 0.0
0.004 5.822958528944899e-51
0.005 4.407388721744044e-25
0.006 6.75949799574902e-13
0.007 2.190010904027473e-06
0.008 0.012554422554693854
0.009 1.4288498179105349e-09
0.01 4.830608533986603e-06
0.011 0.0009444219044903099
0.012 0.055830266277213596
0.013 1.2753189479706937
0.014 14.919330686642306
0.015 98.9276499984464
0.016 449.4493005576744
0.017 1487.8413734069072
0.018 3873.919732036112
0.019 8371.042286682197
0.02 15794.538787382511
0.021 26351.86599839944
0.022 40668.47486177297
0.023 58007.02318640195
0.024 78233.700024723
0.025 100162.35246245978
0.026 123230.118271945
0.027 146540.23302475133
0.028 169649.15713351328
0.029 191738.21370530193
0.03 212461.58774714154
0.031 230941.9871529418
0.032 247556.81632961053
0.033 261989.19238592905
0.034 274303.68713694945
0.035 285014.4676330789
0.036 293911.20689109975
0.037 301359.74103447894
0.038 306259.85905446875
0.039 308213.374592366
0.04 310567.0732837221
0.041 311357.8800755571
0.042 309259.504532971
0.043 308272.57645019266
0.044 305513.5401319794
0.045 302095.3367544647
0.046 297814.0185902144
0.047 293368.0410660362
0.048 288340.3502055276
0.049 282210.45042309084
0.05 276359.0531182376
0.051 268858.60960293916
0.052 261579.18574379108
0.053 253219.62857743443
0.054 246741.60211468211
0.055 239339.92826284282
0.056 231882.80175689398
0.057 225544.11109528734
0.05765 220354.51891780886
0.05787222222222222 241444.67910189898
0.058 253571.52120775107
0.05809444444444444 262544.9855926164
0.05831666666666666 283659.019439359
0.05853888888888888 304773.0532861016
0.05876111111111111 303022.70740089816
0.05898333333333333 278407.9817837487
0.059 276561.8773624626
0.05920555555555555 253952.13995606406
0.059427777777777774 229509.18059779546
0.05965 205066.22123952687
0.06 202579.9583280688
0.061 195369.379074958
0.062 187644.8022190168
0.063 179469.82991113953
0.064 172401.58340021461
0.065 164970.02693158732
0.066 157511.69952743987
0.066244 155713.84742022955
0.06646622222222223 159449.52993367988
0.06668844444444444 163185.21244712998
0.06691066666666667 166920.89496058028
0.067 168422.6393309872
0.06713288888888888 170632.47621903798
0.06735511111111112 168954.7850412604
0.06757733333333332 161904.02327424934
0.06779955555555556 154853.26150723785
0.068 148493.4743933937
0.06802177777777776 147815.27470428884
0.06806699999999999 146406.97228864714
0.068244 142361.6773572759
0.06828922222222222 142421.5535705415
0.06851144444444443 142715.78557676074
0.06873366666666667 143010.01758297996
0.06895588888888887 143304.24958919914
0.069 143362.65464243368
0.0691781111111111 139895.02241308897
0.06940033333333333 134183.11127986334
0.06962255555555555 128471.20014663733
0.06984477777777777 122759.28901341172
0.07 118769.51908685312
0.07006699999999999 117818.32160707511
0.071 112304.35834010608
0.072 105759.34363521422
0.073 99588.8698338704
0.074 93403.60767810419
0.075 87034.83018455253
0.076 80525.69310375788
0.077 73798.72877000028
0.078 67059.61543799235
0.079 60051.73733502492
0.08 52845.141645062
0.081 45100.69706761105
0.082 37024.941161738236
0.083 27618.059246758134
0.084 17326.268867515504
0.085 0.0
