0.0000 0.0000
0.0010 0.0010
0.0020 0.0020
0.0030 0.0030
0.0040 0.0040
0.0050 0.0050
0.0060 0.0060
0.0070 0.0070
0.0080 0.0080
0.0090 0.0090
0.0100 0.0100
0.0110 0.0110
0.0120 0.0120
0.0130 0.0130
0.0140 0.0140
0.0150 0.0150
0.0160 0.0160
0.0170 0.0170
0.0180 0.0180
0.0190 0.0190
0.0200 0.0200
0.0210 0.0210
0.0220 0.0219
0.0230 0.0228
0.0240 0.0237
0.0250 0.0245
0.0260 0.0253
0.0270 0.0259
0.0280 0.0265
0.0290 0.0270
0.0300 0.0274
0.0310 0.0277
0.0320 0.0279
0.0330 0.0281
0.0340 0.0338
0.0350 0.0348
0.0360 0.0360
0.0370 0.0370
0.0380 0.0380
0.0390 0.0389
0.0400 0.0399
0.0410 0.0409
0.0420 0.0418
0.0430 0.0428
0.0440 0.0437
0.0450 0.0445
0.0460 0.0454
0.0470 0.0462
0.0480 0.0470
0.0490 0.0478
0.0500 0.0485
0.0510 0.0491
0.0520 0.0498
0.0530 0.0503
0.0540 0.0508
0.0550 0.0513
0.0560 0.0517
0.0570 0.0521
0.0580 0.0525
0.0590 0.0527
0.0600 0.0530
0.0610 0.0532
0.0620 0.0533
0.0630 0.0534
0.0640 0.0535
0.0650 0.0535
0.0660 0.0535
0.0670 0.0534
0.0680 0.0533
0.0690 0.0532
0.0700 0.0531
0.0710 0.0529
0.0720 0.0527
0.0730 0.0525
0.0740 0.0523
0.0750 0.0520
0.0760 0.0517
0.0770 0.0514
0.0780 0.0511
0.0790 0.0508
0.0800 0.0504
0.0810 0.0501
0.0820 0.0497
0.0830 0.0493
0.0840 0.0489
0.0850 0.0486
0.0860 0.0482
0.0870 0.0478
0.0880 0.0473
0.0890 0.0469
0.0900 0.0465
0.0910 0.0461
0.0920 0.0457
0.0930 0.0453
0.0940 0.0448
0.0950 0.0444
0.0960 0.0440
0.0970 0.0436
0.0980 0.0432
0.0990 0.0428
0.1000 0.0423
0.1010 0.0419
0.1020 0.0415
0.1030 0.0411
0.1040 0.0407
0.1050 0.0403
0.1060 0.0399
0.1070 0.0395
0.1080 0.0392
0.1090 0.0388
0.1100 0.0384
0.1110 0.0380
0.1120 0.0377
0.1130 0.0373
0.1140 0.0369
0.1150 0.0366
0.1160 0.0362
0.1170 0.0359
0.1180 0.0355
0.1190 0.0352
0.1200 0.0349
0.1210 0.0345
0.1220 0.0342
0.1230 0.0339
0.1240 0.0336
0.1250 0.0333
0.1260 0.0330
0.1270 0.0327
0.1280 0.0324
0.1290 0.0321
0.1300 0.0318
0.1310 0.0315
0.1320 0.0312
0.1330 0.0309
0.1340 0.0307
0.1350 0.0304
0.1360 0.0301
0.1370 0.0299
0.1380 0.0296
0.1390 0.0294
0.1400 0.0291
0.1410 0.0289
0.1420 0.0286
0.1430 0.0284
0.1440 0.0282
0.1450 0.0280
0.1460 0.0277
0.1470 0.0275
0.1480 0.0273
0.1490 0.0271
0.1500 0.0269
0.1510 0.0266
0.1520 0.0264
0.1530 0.0262
0.1540 0.0260
0.1550 0.0258
0.1560 0.0257
0.1570 0.0255
0.1580 0.0253
0.1590 0.0251
0.1600 0.0249
0.1610 0.0247
0.1620 0.0246
0.1630 0.0244
0.1640 0.0242
0.1650 0.0241
0.1660 0.0239
0.1670 0.0237
0.1680 0.0236
0.1690 0.0234
0.1700 0.0233
0.1710 0.0231
0.1720 0.0230
0.1730 0.0228
0.1740 0.0227
0.1750 0.0225
0.1760 0.0224
0.1770 0.0222
0.1780 0.0221
0.1790 0.0220
0.1800 0.0218
0.1810 0.0217
0.1820 0.0216
0.1830 0.0214
0.1840 0.0213
0.1850 0.0212
0.1860 0.0211
0.1870 0.0210
0.1880 0.0208
0.1890 0.0207
0.1900 0.0206
0.1910 0.0205
0.1920 0.0204
0.1930 0.0203
0.1940 0.0202
0.1950 0.0201
0.1960 0.0200
0.1970 0.0199
0.1980 0.0198
0.1990 0.0197
1.0000 0.0157
