# t,sample_rotation_angle1,sample_rotation_angle2,source_pos_x,source_pos_y,source_pos_z,detector_pos_x,detector_pos_y,det_position_z
0.000000000000000000e+00 -3.034859095104675220e+00 -8.912663386170184276e-01 5.469729949668539426e+00 -1.825672513810734898e+01 1.662648508768847080e+02 -1.300138882507538085e+01 -4.821151707751543114e+01 -4.032982819922511908e+01
1.000000000000000000e+00 3.143602137613470848e+00 -3.684774138244881314e+00 -2.186522864074808670e+00 -3.365758790281216761e+01 1.525626924316902944e+02 1.016159964696168760e+00 -3.428560377608877729e+01 -1.446637115766009707e+01
4.000000000000000000e+00 1.154926986405670153e+00 -3.653984922767451460e-01 -3.218491634470552309e+00 -4.525673864640146604e+01 1.498118325311373553e+02 4.242635891278748517e+00 -2.881363767564805300e+01 -1.543307365840908574e+01
3.600000000000000000e+01 -1.655864913485721734e+00 2.590906871091827046e-01 -7.037777609272770185e+00 -4.540111495269044894e+01 1.571433124371635301e+02 4.390600094486356575e+00 -1.978704251831464234e+01 -2.804722018877008338e+01
1.070000000000000000e+02 -4.999813152722728304e+00 1.594654343761918280e+00 -1.436362542651556140e+01 -4.702227240521208529e+01 1.404255116634559215e+02 4.875462946124900832e+00 -1.669552017576371483e+01 -2.294655559225805064e+01
1.210000000000000000e+02 -4.477304574530356795e+00 -2.378426463863065610e-01 -1.645721720310989156e+01 -3.871199248445801544e+01 1.328803698032639033e+02 7.089336491961626407e+00 -2.153950505491685163e+01 -2.831776470199557849e+01
1.260000000000000000e+02 -4.973485551170517383e+00 -1.292546870612633958e+00 -3.212770531972848786e+00 -4.316383245523753232e+01 1.424544348211879878e+02 1.528257375193797785e+00 -2.037135775081770106e+01 -1.268089428904467653e+01
1.440000000000000000e+02 -4.542527625065943653e+00 -6.178084182575346306e-01 -3.889210423637869063e+00 -4.368097898166149662e+01 1.323343403721672757e+02 2.420818109118825667e+00 -2.184132955047846636e+01 -2.039415253598332356e+01
1.500000000000000000e+02 -4.887379051370093208e+00 -4.591667414897119270e-01 -8.036365879596352180e-01 -4.577746852340666095e+01 1.379166763885699822e+02 2.821265163757558092e+00 -1.929090348146942091e+01 -1.981901265465582895e+01
1.800000000000000000e+02 -4.999985925384391017e+00 -3.825712522159460116e-01 3.864779606091068853e-01 -4.387018384768683887e+01 1.410317959563509191e+02 1.799232160957908722e+00 -1.642500712786641870e+01 -2.136860505153853751e+01
2.240000000000000000e+02 -4.993918966176106977e+00 -7.603862453691393464e-01 -2.980469108016403634e+00 -4.719889536192394530e+01 1.368325587376477301e+02 2.541202072088186270e+00 -1.839146388807932198e+01 -2.223659721321550364e+01
2.580000000000000000e+02 -4.723500003467969499e+00 -8.548928199036857078e-01 -2.668405524412856167e+00 -4.532084069051445141e+01 1.383905577563933491e+02 2.414598884571109494e+00 -1.777979856471299058e+01 -2.290402593739888104e+01
2.780000000000000000e+02 -4.541904517846559131e+00 -1.290542569584948174e+00 -4.425230559167037114e+00 -4.292406901033194799e+01 1.411735823250055546e+02 3.028761093850576014e+00 -1.823230442349273517e+01 -2.488645370933119239e+01
3.020000000000000000e+02 -4.616258594427341322e+00 -1.225186513065820604e+00 -4.018344931049330881e+00 -4.411320473484825300e+01 1.401035522755691431e+02 3.596285219160987978e+00 -1.602954376678111714e+01 -2.801244916609993396e+01
3.120000000000000000e+02 -4.809580385349295106e+00 -1.642702360924380267e+00 -3.571359577380916139e+00 -4.450965313576900684e+01 1.382597072918310630e+02 3.524286247685611162e+00 -1.765834605324962325e+01 -2.812165403113621664e+01
3.470000000000000000e+02 -4.993559569828045497e+00 -1.427651557032435514e+00 -1.745642370823708101e+00 -4.592262701337031672e+01 1.381422577290062463e+02 3.416888233812696907e+00 -1.657016843389104466e+01 -2.989869716793960208e+01
3.880000000000000000e+02 -4.972728195500938142e+00 -2.445342850167369075e+00 -2.781981233260154340e+00 -4.954348082190551139e+01 1.362171647864674071e+02 4.332206060575510165e+00 -1.459489849468921285e+01 -3.298774012062719407e+01
4.110000000000000000e+02 -4.377569454492988399e+00 -3.150704829105100302e+00 -3.563454223342778615e+00 -4.936149265338017500e+01 1.325402627257332711e+02 4.596638328078997304e+00 -1.425754147563676355e+01 -3.310927570681295151e+01
4.340000000000000000e+02 -4.843237471399797656e+00 -3.085313383866167936e+00 -5.295201901082855933e+00 -4.963152141297202746e+01 1.361408600644481623e+02 4.704878251962611557e+00 -1.386992774350195745e+01 -3.244189873324415885e+01
4.810000000000000000e+02 -4.944876189610655004e+00 -3.015885927338046280e+00 -5.945526065245687164e+00 -4.933345171752704772e+01 1.358260616915519847e+02 5.985015711595284671e+00 -1.321755637144076623e+01 -3.838595519334408834e+01
4.970000000000000000e+02 -4.998630843026376169e+00 -3.761415623132984720e+00 -6.549615693795663773e+00 -4.985596649230104305e+01 1.340144574382730980e+02 6.138425310623691011e+00 -1.328272680152683627e+01 -3.778101695576646080e+01
5.070000000000000000e+02 -4.995887155696742354e+00 -4.001368906443138584e+00 -7.271855627665250843e+00 -5.039599021177953375e+01 1.320096235441231158e+02 6.920957326914692231e+00 -1.213300696643971222e+01 -4.025547629332758248e+01
5.790000000000000000e+02 -4.960189858895742709e+00 -3.494872434939026107e+00 -5.975053396756903723e+00 -5.041527486622529608e+01 1.321800461368862614e+02 6.378642809219686960e+00 -1.256673851946917431e+01 -3.940009834138470524e+01
5.800000000000000000e+02 -4.991314440590159052e+00 -3.830455539441235402e+00 -7.285525179509508398e+00 -5.025656939952997249e+01 1.319457774076227565e+02 6.850884334365971995e+00 -1.260504020986195783e+01 -4.002010137005652979e+01
5.960000000000000000e+02 -4.982254772580364310e+00 -3.600206559598555067e+00 -6.934851289243701977e+00 -5.008236697600405307e+01 1.312467659164881013e+02 6.832747386827159986e+00 -1.225059046459694656e+01 -4.015246825143238141e+01
6.390000000000000000e+02 -4.988260094357905849e+00 -3.757488429118153839e+00 -7.316756113004054818e+00 -5.029111539448480528e+01 1.309958559985193176e+02 7.037561795541009246e+00 -1.212940466874575840e+01 -4.044542467811669439e+01
6.460000000000000000e+02 -4.998833721582436773e+00 -3.837651814552927476e+00 -8.364792523578886474e+00 -5.024365292683766882e+01 1.307898206358005950e+02 7.371816488030013659e+00 -1.248424161732662263e+01 -4.046213633342082971e+01
6.710000000000000000e+02 -4.663088075098769991e+00 -3.915235994139705689e+00 -8.171178971113082667e+00 -5.019250927702642429e+01 1.309870298018768722e+02 7.212192750925837004e+00 -1.316190455221280331e+01 -4.004705427605590273e+01
7.250000000000000000e+02 -4.856638667428276435e+00 -3.876301993046292527e+00 -7.938624490617945284e+00 -4.976953275248924768e+01 1.308100991404732554e+02 7.185498038118213415e+00 -1.289586265989973057e+01 -4.030029969405413937e+01
7.740000000000000000e+02 -4.783617090257207494e+00 -3.912329950680250246e+00 -7.703139785889751678e+00 -5.019913001445607392e+01 1.309165127379549745e+02 7.046497466231528506e+00 -1.305224893434766997e+01 -4.002462793974279975e+01
8.660000000000000000e+02 -4.832468145865652431e+00 -3.838708412077352250e+00 -7.797726383513180259e+00 -5.015591856491663947e+01 1.309686567710139116e+02 7.068522456536826759e+00 -1.302193391646982867e+01 -4.002919731775448042e+01
8.690000000000000000e+02 -4.774831398061109233e+00 -3.927832920134323391e+00 -7.762114060644052849e+00 -5.030957403461837174e+01 1.309022297553298131e+02 7.073425114225778465e+00 -1.297706912410066238e+01 -4.005535132435763757e+01
8.720000000000000000e+02 -4.775221462499076530e+00 -3.883446110523532724e+00 -7.997377538535578090e+00 -5.018415073474442778e+01 1.308388290370155289e+02 7.158864586161726606e+00 -1.308995334229126151e+01 -4.010458699017249273e+01
8.810000000000000000e+02 -4.772070063699219489e+00 -3.968276970445079765e+00 -7.724135769548857056e+00 -5.028017016536858108e+01 1.308074643247309723e+02 7.073007507107004876e+00 -1.301753318920297708e+01 -4.006414217335061778e+01
8.920000000000000000e+02 -4.905154594010971536e+00 -3.828314531841518153e+00 -7.649520844505836692e+00 -5.013249357532293260e+01 1.308577738964699222e+02 7.029130741160144247e+00 -1.303823298650895524e+01 -4.002211640077000965e+01
9.390000000000000000e+02 -4.845421108738652727e+00 -3.927236155942535945e+00 -7.932950378872134500e+00 -5.023002188486217534e+01 1.308413969514119515e+02 7.154695162844616263e+00 -1.294780480590372740e+01 -4.021047381956696398e+01
9.490000000000000000e+02 -4.942404028001585736e+00 -3.918384107262790739e+00 -7.912382951293609246e+00 -5.015894856972710159e+01 1.308665046604823203e+02 7.164175208581013088e+00 -1.297332243251274697e+01 -4.026823788402018067e+01
9.840000000000000000e+02 -4.987416508848285801e+00 -3.801117799875268322e+00 -7.506547199102878487e+00 -5.007079008452971181e+01 1.308239133508931786e+02 7.038205891098656686e+00 -1.300496064194999235e+01 -4.024820332437727188e+01
9.870000000000000000e+02 -4.964996501966707498e+00 -3.915672751676503971e+00 -7.940273637064821699e+00 -5.018502161698853570e+01 1.306756692742733890e+02 7.207693155844733468e+00 -1.291501294207479766e+01 -4.036967663253253846e+01
1.058000000000000000e+03 -4.927154902622477017e+00 -3.981800881915577683e+00 -8.055662425329400023e+00 -5.022711023895145388e+01 1.308045063166306932e+02 7.196888724369428836e+00 -1.300483967902396643e+01 -4.018346503489668464e+01
1.069000000000000000e+03 -4.963427354158771010e+00 -3.909407501908344074e+00 -7.815391157842221936e+00 -5.023252138641773712e+01 1.307322338140023703e+02 7.136919679220802060e+00 -1.297059147611521723e+01 -4.023458602734878298e+01
1.084000000000000000e+03 -4.961119575277797011e+00 -3.933631912704036893e+00 -7.961694617856790224e+00 -5.018862514705415379e+01 1.307915646321582415e+02 7.189993002827266722e+00 -1.297749903127068549e+01 -4.029404632586284407e+01
1.154000000000000000e+03 -4.962995815057232640e+00 -4.001016317303698777e+00 -8.066642996924093367e+00 -5.019544606094590478e+01 1.307892811883208140e+02 7.241663610448049404e+00 -1.294188842931278138e+01 -4.037842109990216244e+01
1.192000000000000000e+03 -4.944089623018607327e+00 -4.014270814249917052e+00 -8.082774293144920463e+00 -5.022187775477407001e+01 1.307485703595739039e+02 7.247939510061753410e+00 -1.293479031951975955e+01 -4.037553898596964075e+01
1.212000000000000000e+03 -4.941922421621871564e+00 -4.092457064381807896e+00 -8.218512928974570642e+00 -5.031697498437561933e+01 1.306925118167442008e+02 7.306633628284922466e+00 -1.288311213824618129e+01 -4.041468094744104178e+01
1.225000000000000000e+03 -4.931165194337887137e+00 -4.121535195875024371e+00 -8.313827994048201830e+00 -5.033670861665769536e+01 1.306248630010163083e+02 7.346190524521926335e+00 -1.286638647176044969e+01 -4.043913978740856408e+01
1.230000000000000000e+03 -4.939248414009701271e+00 -4.195865062608809204e+00 -8.475053978769301111e+00 -5.040129824236478839e+01 1.305715496503925976e+02 7.408146023988849471e+00 -1.282542669918771416e+01 -4.045910858932039389e+01
1.255000000000000000e+03 -4.973621413825565440e+00 -4.127238611689992176e+00 -8.364216039158698379e+00 -5.036028251626945007e+01 1.305818074773324327e+02 7.367346374928412267e+00 -1.284236973286756012e+01 -4.044338435725538261e+01
1.258000000000000000e+03 -4.942129780860481603e+00 -4.267889636765870520e+00 -8.619116101441781197e+00 -5.043323454942346018e+01 1.305604516700820454e+02 7.454421463373997803e+00 -1.278652792732532184e+01 -4.046493645150749785e+01
1.298000000000000000e+03 -4.966339831190733634e+00 -4.185382016947822414e+00 -8.433268210241962493e+00 -5.039654220399290807e+01 1.305614760589926107e+02 7.391947153374744062e+00 -1.283068001364825150e+01 -4.044985868519781036e+01
1.304000000000000000e+03 -4.959895467874339658e+00 -4.235066287742488278e+00 -8.575042530038066602e+00 -5.040649423982802801e+01 1.305778322076783127e+02 7.437847296441879585e+00 -1.283262166202070986e+01 -4.045598075391477977e+01
1.365000000000000000e+03 -4.961360770509316787e+00 -4.337493381622239852e+00 -8.705647425800108863e+00 -5.047822770964735639e+01 1.304549257507119648e+02 7.495438694568074212e+00 -1.275216962545722765e+01 -4.047358063898733604e+01
1.379000000000000000e+03 -4.929268337208122297e+00 -4.392525121952263412e+00 -8.839791157191575266e+00 -5.048527299414419645e+01 1.304757266995233635e+02 7.535214573795170345e+00 -1.277579019029712448e+01 -4.047029669650294181e+01
1.404000000000000000e+03 -4.961422811350598927e+00 -4.454333438053942551e+00 -8.943252798103042522e+00 -5.048844546443584846e+01 1.304261410438581379e+02 7.577396879542448005e+00 -1.276217695541334862e+01 -4.047984183198988717e+01
1.475000000000000000e+03 -4.985772251067052352e+00 -4.528961310568005771e+00 -9.154641786292746275e+00 -5.049894939653075454e+01 1.303563022572299417e+02 7.654735215785723135e+00 -1.274228037664815183e+01 -4.049001217216780901e+01
1.487000000000000000e+03 -4.956394965928271112e+00 -4.553808098246491021e+00 -9.176526427038140810e+00 -5.049806954280597893e+01 1.303726213279304602e+02 7.658842731034867235e+00 -1.273884218253711076e+01 -4.048937407090387808e+01
1.500000000000000000e+03 -4.983229680791519733e+00 -4.537833901529539915e+00 -9.146561204802360123e+00 -5.049858790936914232e+01 1.303734872366763398e+02 7.647886346795670143e+00 -1.275542646029356142e+01 -4.048255925150223078e+01
1.513000000000000000e+03 -4.979051542080214610e+00 -4.546986454208466810e+00 -9.168487500364411957e+00 -5.049998452895489010e+01 1.303361445987620755e+02 7.655356969853746918e+00 -1.274795638858210012e+01 -4.048244452887127665e+01
1.526000000000000000e+03 -4.992204597024837653e+00 -4.630633707965257528e+00 -9.333622311622507439e+00 -5.049975542633855241e+01 1.302780429242418734e+02 7.719552414371148252e+00 -1.273859745757263973e+01 -4.049176854957814697e+01
1.536000000000000000e+03 -4.990641086592599862e+00 -4.675783998980454825e+00 -9.464026958298827452e+00 -5.049498938907149181e+01 1.302705781430048830e+02 7.759556900777559996e+00 -1.273330605724979137e+01 -4.049057734008241738e+01
1.581000000000000000e+03 -4.998700554295303355e+00 -4.695536918027721107e+00 -9.501016725951503261e+00 -5.045862121964065494e+01 1.302138584943617161e+02 7.769413933030679509e+00 -1.271844161067004109e+01 -4.046651710385610556e+01
1.600000000000000000e+03 -4.999777768394473298e+00 -4.719801519497433873e+00 -9.539293781855965548e+00 -5.048056441862195953e+01 1.301976658211884796e+02 7.790706154576825249e+00 -1.273449126979530810e+01 -4.048360578016337286e+01
1.617000000000000000e+03 -4.996388497267628459e+00 -4.802417320658519451e+00 -9.730118960797657479e+00 -5.038696687318784484e+01 1.301404605985174783e+02 7.850854235598601072e+00 -1.271223218542626121e+01 -4.046643167858928081e+01
1.621000000000000000e+03 -4.999351945156775834e+00 -4.831918744169672486e+00 -9.759914936290542187e+00 -5.045751567611873867e+01 1.301911704394131846e+02 7.863932108398611120e+00 -1.271413376684433771e+01 -4.048518113752857062e+01
1.660000000000000000e+03 -4.997159706004648427e+00 -4.862327498702819106e+00 -9.854327493429348550e+00 -5.045614296085818040e+01 1.301864158155790108e+02 7.893082125060141507e+00 -1.271802614746517790e+01 -4.048935453423082009e+01
1.790000000000000000e+03 -4.993490427962115064e+00 -4.909809037213769933e+00 -9.956625432549948584e+00 -5.045285556602695465e+01 1.301978310747720968e+02 7.925215426089154747e+00 -1.271941291103430594e+01 -4.048050383263367991e+01
1.805000000000000000e+03 -4.998733641042147013e+00 -4.925749194055652147e+00 -9.994095718892458180e+00 -5.045627185604658393e+01 1.302073094283479406e+02 7.938559807013886527e+00 -1.271982441529286945e+01 -4.048598195394424692e+01
1.836000000000000000e+03 -4.985027001310774253e+00 -4.893721706720245201e+00 -9.923370622378696382e+00 -5.046227804431833164e+01 1.301653780402434393e+02 7.911953075432360372e+00 -1.272422719688336734e+01 -4.046596818394682771e+01
1.846000000000000000e+03 -4.978376444772438347e+00 -4.909515663794766560e+00 -9.964955224348868157e+00 -5.044603921213075637e+01 1.301714320310506707e+02 7.923555047515169036e+00 -1.272775777847940226e+01 -4.046288371337801948e+01
1.863000000000000000e+03 -4.986724570137130996e+00 -4.898874699627820739e+00 -9.957797027637367293e+00 -5.045739035273646067e+01 1.301938132854379830e+02 7.919196228749752819e+00 -1.272895161572997047e+01 -4.046249339616474572e+01
1.880000000000000000e+03 -4.986938649513026789e+00 -4.911357648737966208e+00 -9.977129650699657404e+00 -5.046244175239141327e+01 1.301695235111110378e+02 7.929909226698663716e+00 -1.272022729162241994e+01 -4.047246294117001497e+01
1.943000000000000000e+03 -4.988380261237135294e+00 -4.888346792059151902e+00 -9.928560438944376898e+00 -5.046846115273546474e+01 1.301665892644537053e+02 7.910205378460630321e+00 -1.273019201451818638e+01 -4.045515732264162523e+01
1.985000000000000000e+03 -4.992147477631158736e+00 -4.898850109028797029e+00 -9.945336943422688591e+00 -5.046860777966833922e+01 1.301665133765992266e+02 7.916963212565315544e+00 -1.272394821413967847e+01 -4.045939911794869204e+01
1.991000000000000000e+03 -4.992195167672762501e+00 -4.897256900436922855e+00 -9.934944896295938577e+00 -5.047183178870924536e+01 1.301671200884151176e+02 7.914256941576335969e+00 -1.272412010352926437e+01 -4.046180739994391473e+01
2.003000000000000000e+03 -4.993484606498086009e+00 -4.905497155061046222e+00 -9.975764796905306042e+00 -5.046970922663815173e+01 1.301701164108696389e+02 7.927579890883578173e+00 -1.272622254435004940e+01 -4.046369838372258698e+01
2.007000000000000000e+03 -4.993084679797422432e+00 -4.890405960404280883e+00 -9.925044597620921394e+00 -5.046984503093857910e+01 1.301624165527994421e+02 7.910706317382246944e+00 -1.272504880392862781e+01 -4.046058835014272859e+01
2.011000000000000000e+03 -4.993958572517955830e+00 -4.912024207206302506e+00 -9.980124440442134315e+00 -5.046591439060215123e+01 1.301585833598001045e+02 7.930606565896997751e+00 -1.272192373647188646e+01 -4.046625594780599044e+01
2.022000000000000000e+03 -4.994398298515491774e+00 -4.913357070128339110e+00 -9.983208628141223784e+00 -5.046532448895878531e+01 1.301683581206423810e+02 7.930270550350316583e+00 -1.272502761478280853e+01 -4.046542028191549178e+01
2.042000000000000000e+03 -4.988139743376268420e+00 -4.935987904920909664e+00 -1.001773408227306383e+01 -5.045305420742459290e+01 1.301484196098067230e+02 7.943958045494774467e+00 -1.272336456398819671e+01 -4.046914938154600350e+01
2.057000000000000000e+03 -4.989123954405460637e+00 -4.929515969669586717e+00 -1.000896889970541537e+01 -5.045963403384462254e+01 1.301451735509529613e+02 7.942249105537706910e+00 -1.271953234238575270e+01 -4.047286584966050782e+01
2.059000000000000000e+03 -4.994904106408570854e+00 -4.944468344419624906e+00 -1.005534170059135946e+01 -5.044112753316369435e+01 1.301575377318303595e+02 7.957700961510720816e+00 -1.272457712748629710e+01 -4.047755399454295855e+01
2.096000000000000000e+03 -4.992848004901810022e+00 -4.947060460279485206e+00 -1.003345125824381334e+01 -5.045120650967945153e+01 1.301532576797509932e+02 7.952837332624477007e+00 -1.271767837290134473e+01 -4.048307479221915628e+01
2.140000000000000000e+03 -4.992296159601088412e+00 -4.954932247501354858e+00 -1.006663279476542883e+01 -5.045744778968734323e+01 1.301679095736243141e+02 7.961987993632550165e+00 -1.271747067078716142e+01 -4.048377996359992181e+01
2.163000000000000000e+03 -4.994556140874497174e+00 -4.956109920959170800e+00 -1.007507199445348789e+01 -5.044716278405967813e+01 1.301510601831100757e+02 7.966078694203295285e+00 -1.272010574356127854e+01 -4.048454544118649068e+01
2.188000000000000000e+03 -4.992708916204474434e+00 -4.958678847120701505e+00 -1.006704349635338858e+01 -5.045076449895535120e+01 1.301548166720742472e+02 7.964453690493196625e+00 -1.271655386669785415e+01 -4.048834484214657436e+01
2.218000000000000000e+03 -4.994844138387442456e+00 -4.956040642287792508e+00 -1.005714678952526064e+01 -5.045105191827207136e+01 1.301549291908401642e+02 7.961752708355509967e+00 -1.271539899717224564e+01 -4.048987894745598481e+01
2.250000000000000000e+03 -4.992025731089160701e+00 -4.957259115202060862e+00 -1.007192050196610644e+01 -5.045251027221598150e+01 1.301538416138082255e+02 7.965213109456733775e+00 -1.271612587804860972e+01 -4.048691443213289176e+01
2.281000000000000000e+03 -4.992842680831463653e+00 -4.958498020082570790e+00 -1.007342704171052183e+01 -5.045209040719372950e+01 1.301500314717513902e+02 7.966617907247782959e+00 -1.271632134159451688e+01 -4.048846152628063777e+01
2.294000000000000000e+03 -4.993816307116452080e+00 -4.955998100822789354e+00 -1.006828286091564628e+01 -5.045417159540400576e+01 1.301478940336650680e+02 7.964660727766106341e+00 -1.271548681816567949e+01 -4.048736890418571477e+01
2.302000000000000000e+03 -4.993950974572227253e+00 -4.958110763064113691e+00 -1.007041662099050860e+01 -5.045368427606969419e+01 1.301475997510625575e+02 7.966097596671220415e+00 -1.271454676160017350e+01 -4.048967422978514463e+01
2.360000000000000000e+03 -4.996037196767788124e+00 -4.958014887324131870e+00 -1.006920864151168615e+01 -5.045481235804377462e+01 1.301472023115012462e+02 7.965794043217973908e+00 -1.271346642167141283e+01 -4.048966514644215664e+01
2.368000000000000000e+03 -4.997384175675890994e+00 -4.956995732402940114e+00 -1.007156475913341076e+01 -5.045851118675809488e+01 1.301460735845867305e+02 7.966740552098092287e+00 -1.271268694079587824e+01 -4.049037556937921067e+01
2.370000000000000000e+03 -4.998553673190740732e+00 -4.958911486629570931e+00 -1.007364011783992019e+01 -5.045577282005894659e+01 1.301488362617172072e+02 7.967711193480506715e+00 -1.271285590516529318e+01 -4.049196045473526340e+01
2.381000000000000000e+03 -4.996994346141701016e+00 -4.961102925663969820e+00 -1.008091777189580895e+01 -5.045032488499037981e+01 1.301467405939656601e+02 7.969858737706116081e+00 -1.271426372100722446e+01 -4.049067556485692876e+01
2.382000000000000000e+03 -4.996756528672457343e+00 -4.962636032064669855e+00 -1.008361585969411323e+01 -5.045309210696321145e+01 1.301500608538130166e+02 7.970707276289435761e+00 -1.271402899338199610e+01 -4.049180491793680403e+01
2.408000000000000000e+03 -4.998597166788887769e+00 -4.958453765587800710e+00 -1.007135015614579032e+01 -5.045591636922436152e+01 1.301462747400590843e+02 7.966803214964607527e+00 -1.271307060954530144e+01 -4.049083435494568306e+01
2.416000000000000000e+03 -4.998432319951371383e+00 -4.960700924530168088e+00 -1.007567755406976850e+01 -5.045239800833239485e+01 1.301418148041898633e+02 7.968648741609025699e+00 -1.271380951909931234e+01 -4.049100851322438643e+01
2.426000000000000000e+03 -4.998394722164940518e+00 -4.966899373664967143e+00 -1.009175536550740837e+01 -5.044853273952086425e+01 1.301489397473049792e+02 7.973638941884897413e+00 -1.271463765257781908e+01 -4.049228847078656912e+01
2.440000000000000000e+03 -4.999706827555719713e+00 -4.970759339857636405e+00 -1.010072978788907605e+01 -5.044627210173349141e+01 1.301463550888303473e+02 7.977492037823210147e+00 -1.271260088168515345e+01 -4.049506748602814099e+01
2.456000000000000000e+03 -4.998696573442721558e+00 -4.967027807919135007e+00 -1.009146204312806105e+01 -5.044693908071930366e+01 1.301500262926511766e+02 7.973670925223412809e+00 -1.271486835844784480e+01 -4.049335688789452092e+01
2.496000000000000000e+03 -4.999928944895563276e+00 -4.970988380435572118e+00 -1.010056779562025753e+01 -5.044687500265954583e+01 1.301428570050759674e+02 7.977798717750971491e+00 -1.271277547160899246e+01 -4.049542664762637401e+01
2.507000000000000000e+03 -4.999859993140598036e+00 -4.970475157387451937e+00 -1.010190546994221350e+01 -5.044824479679871843e+01 1.301488800234583323e+02 7.977572818334467186e+00 -1.271380021101367497e+01 -4.049518246720864312e+01
2.520000000000000000e+03 -4.999133895144696638e+00 -4.972917160567617678e+00 -1.010543856401808682e+01 -5.044631257620408604e+01 1.301359817577746014e+02 7.979683801503749230e+00 -1.271349702702645068e+01 -4.049472730244315244e+01
2.542000000000000000e+03 -4.998718572878192212e+00 -4.976842802867265547e+00 -1.011152219575521549e+01 -5.044624393134469642e+01 1.301368893879773339e+02 7.981677686621281076e+00 -1.271199656181182291e+01 -4.049541075095667253e+01
2.550000000000000000e+03 -4.999925553335270223e+00 -4.977739127013451892e+00 -1.011427112199163325e+01 -5.044628397666370034e+01 1.301383199206890140e+02 7.982770702339276880e+00 -1.271115753432569484e+01 -4.049638770117766740e+01
2.576000000000000000e+03 -4.999723659512183893e+00 -4.978072261010402677e+00 -1.011210005704508852e+01 -5.044720419226004537e+01 1.301270393363795392e+02 7.983163886048940228e+00 -1.270874207148001034e+01 -4.049669625853144339e+01
2.589000000000000000e+03 -4.999583916167041231e+00 -4.978476750435135045e+00 -1.011392653972337285e+01 -5.043896781804338048e+01 1.301282640118357676e+02 7.983552652445037978e+00 -1.271180426282260889e+01 -4.049675942713027865e+01
2.633000000000000000e+03 -4.997166534074682254e+00 -4.983448717369274306e+00 -1.012062942926185372e+01 -5.043053584362574071e+01 1.301180913538852053e+02 7.986564105108879374e+00 -1.271292905041574528e+01 -4.049667853822393226e+01
2.647000000000000000e+03 -4.997680274486504537e+00 -4.983551388149697559e+00 -1.011871423250238244e+01 -5.043398372016834941e+01 1.301193420971983414e+02 7.986037036911863396e+00 -1.271238716469358110e+01 -4.049697886725031282e+01
2.655000000000000000e+03 -4.996229748578354446e+00 -4.981655283077355278e+00 -1.011054271974441399e+01 -5.043616421475917377e+01 1.301143379011310799e+02 7.983666133736811332e+00 -1.271177811652407641e+01 -4.049668375616433735e+01
2.657000000000000000e+03 -4.997833673852139391e+00 -4.979274349435030445e+00 -1.011441856201566658e+01 -5.044021503408240648e+01 1.301216449669996393e+02 7.983718405006357877e+00 -1.271291980535947630e+01 -4.049522549742854238e+01
2.671000000000000000e+03 -4.997086087082437622e+00 -4.982391858770025550e+00 -1.011914640433852774e+01 -5.044540156180457302e+01 1.301162860054618307e+02 7.986055683259503546e+00 -1.270956294872667769e+01 -4.049679809793223484e+01
2.689000000000000000e+03 -4.994270903858526900e+00 -4.985283451182584535e+00 -1.012380606281025486e+01 -5.044415305100832825e+01 1.301032046910817996e+02 7.988346755480121075e+00 -1.270903447610196046e+01 -4.049620303967257229e+01
2.702000000000000000e+03 -4.996315835161837526e+00 -4.985630278732823051e+00 -1.012358443294087706e+01 -5.044365572333535397e+01 1.301048884006521291e+02 7.988415006883001546e+00 -1.270899679498268853e+01 -4.049670443062994707e+01
2.712000000000000000e+03 -4.996538069901741430e+00 -4.987450413247152881e+00 -1.013087408050493821e+01 -5.043397941308892030e+01 1.301055497224867565e+02 7.990600064744122655e+00 -1.271211492905299600e+01 -4.049669022292874132e+01
2.714000000000000000e+03 -4.998145587707888637e+00 -4.986002054446039722e+00 -1.012615422043805502e+01 -5.044874902688677309e+01 1.301062376633969393e+02 7.989432893111940714e+00 -1.270750297372969939e+01 -4.049788846702359990e+01
2.722000000000000000e+03 -4.996841680139999298e+00 -4.983978907062978969e+00 -1.011538555634754388e+01 -5.045138065833567964e+01 1.300976176941094025e+02 7.986331270524658521e+00 -1.270620070025753812e+01 -4.049660484110635394e+01
2.761000000000000000e+03 -4.995788075777174875e+00 -4.988042735168114916e+00 -1.011677196033285497e+01 -5.045544344625092492e+01 1.300825059733460876e+02 7.988511828209252208e+00 -1.270275400443215830e+01 -4.049838360351556332e+01
2.771000000000000000e+03 -4.997364662892214149e+00 -4.989165696121231619e+00 -1.012938771769210611e+01 -5.044635238638912966e+01 1.300966570929644490e+02 7.991414784028429530e+00 -1.270689552593852945e+01 -4.049869835531915641e+01
2.801000000000000000e+03 -4.998016801193365666e+00 -4.992012230885974233e+00 -1.013354160145177651e+01 -5.045428366715643165e+01 1.300737631257254350e+02 7.994692391456275082e+00 -1.270173545683411298e+01 -4.049902450927677222e+01
2.804000000000000000e+03 -4.996188921109522063e+00 -4.992303350454229793e+00 -1.013027378064952622e+01 -5.044551396637017859e+01 1.300676584220322241e+02 7.993680966610159366e+00 -1.270430624221896387e+01 -4.049882148874862509e+01
2.810000000000000000e+03 -4.995848572732960235e+00 -4.992539377877709406e+00 -1.013513009953115862e+01 -5.045111943722535841e+01 1.300680988689826734e+02 7.995263621474345328e+00 -1.270361098330229765e+01 -4.049837021241359736e+01
2.848000000000000000e+03 -4.994235123110773777e+00 -4.994783552587871434e+00 -1.013727968833369530e+01 -5.044466174282741378e+01 1.300620537492613380e+02 7.996740877735908803e+00 -1.270410595186085523e+01 -4.049943437406123081e+01
2.858000000000000000e+03 -4.996053614114250863e+00 -4.993708983291070602e+00 -1.013626016235015825e+01 -5.044012640029992411e+01 1.300661226482977781e+02 7.995923916340634818e+00 -1.270567066756271579e+01 -4.049933868684977512e+01
2.913000000000000000e+03 -4.993726802898404316e+00 -4.994811077932970633e+00 -1.013311938743673046e+01 -5.042641314693891275e+01 1.300539523949195484e+02 7.995623856113247108e+00 -1.270776583988771691e+01 -4.049921814370883055e+01
2.921000000000000000e+03 -4.995360065341250433e+00 -4.995943233804894135e+00 -1.013843771967618501e+01 -5.044057065523934114e+01 1.300531885093820961e+02 7.997668935066615248e+00 -1.270423612138331748e+01 -4.049960395292784199e+01
2.931000000000000000e+03 -4.997238382147381586e+00 -4.994459103533568367e+00 -1.013233572673150107e+01 -5.043604926331722993e+01 1.300543667338933744e+02 7.995646531727023998e+00 -1.270466256432021090e+01 -4.049947075878360181e+01
2.938000000000000000e+03 -4.997607485149369921e+00 -4.996590632035481150e+00 -1.013858137659737757e+01 -5.042802902904681872e+01 1.300473199140100178e+02 7.998184341028201416e+00 -1.270642773371346657e+01 -4.049950329783911229e+01
2.957000000000000000e+03 -4.992850342913050632e+00 -4.996784845963617272e+00 -1.013687820650630123e+01 -5.042398841783521135e+01 1.300412490848732432e+02 7.997973034334926012e+00 -1.270652278341461106e+01 -4.049895628937458270e+01
2.985000000000000000e+03 -4.997390831807380529e+00 -4.996216532863656745e+00 -1.013385970527159330e+01 -5.043527327080319367e+01 1.300426731407773389e+02 7.997265280216342198e+00 -1.270340203113028821e+01 -4.049967126584684962e+01
2.990000000000000000e+03 -4.995798460811587738e+00 -4.996550510107257814e+00 -1.013224862336271670e+01 -5.042794713788502747e+01 1.300396616718963685e+02 7.996810636739707157e+00 -1.270522189491864218e+01 -4.049924526692304738e+01
2.991000000000000000e+03 -4.996238827869708743e+00 -4.996374577979126208e+00 -1.013319866117043411e+01 -5.043300293192562833e+01 1.300401499827965495e+02 7.997005081656578973e+00 -1.270377546774823863e+01 -4.049934674200147811e+01
3.069000000000000000e+03 -4.999659250960083234e+00 -4.995985540894090526e+00 -1.013215666381526070e+01 -5.043349204440458067e+01 1.300410141362297907e+02 7.996905566263230014e+00 -1.270385579608554671e+01 -4.049969882375329178e+01
