# t,sample_rotation_angle1,sample_rotation_angle2,source_pos_x,source_pos_y,source_pos_z,detector_pos_x,detector_pos_y,det_position_z
0.000000000000000000e+00 2.205089412895623102e+00 8.846168273087929856e-01 1.434646881204176605e+00 -2.620980265015025523e+01 1.631935050244648835e+02 1.918788196763143361e+01 -2.438150789615992409e+01 -2.270005959181149535e+01
2.000000000000000000e+00 1.192009149747013552e+00 3.881379216692126821e-01 -4.072381717280061153e+00 -5.003317763812848540e+01 1.523231520648031108e+02 1.830877260814791185e+01 -3.781432158782511266e+01 -3.925228460641695705e+01
3.000000000000000000e+00 2.399873235216715806e+00 -7.149597073587964369e-01 7.378868824081433964e+00 -3.226101942766383246e+01 1.479737210133845622e+02 1.035633898395851560e+01 -3.058993717274540458e+01 -2.911657462336739854e+01
6.000000000000000000e+00 6.550180486036014660e-01 -4.214110107735163702e+00 8.209485495092994967e+00 -1.095986384272733538e+01 1.641675468000914577e+02 1.529190652736694567e+01 -4.808671077603587207e+01 -3.092062906977324133e+01
7.000000000000000000e+00 7.143914712536301170e-01 4.278776569251677486e+00 -1.808836246057146546e+00 -2.808363813827831024e+01 1.580462462475031487e+02 1.198291219298787347e+01 -4.231395882142511766e+01 -2.317003658002931488e+01
6.300000000000000000e+01 4.880238394007394120e+00 -4.256305711990634677e+00 1.333281712261191565e+01 -2.932131105046608610e+01 1.581164773221883024e+02 7.965998054355681646e+00 -4.335533446159866600e+01 -2.030476403649320361e+01
8.000000000000000000e+01 -2.489400413604001550e-01 -1.775704300572377825e+00 1.530656546544127217e+01 -2.213056743938052762e+01 1.545187401692191145e+02 6.475873671387558872e+00 -4.407637113092791026e+01 -2.831580709534985729e+01
9.000000000000000000e+01 1.301207624448697864e+00 -4.232188990504051063e+00 1.712483728020242069e+01 -2.879981605255124322e+01 1.558158044626796084e+02 7.122742346281327741e+00 -4.143962217582100749e+01 -2.970435100876115797e+01
1.000000000000000000e+02 3.615388645811528967e+00 -3.042211081876524670e+00 1.292604986093733643e+01 -2.996195876531785629e+01 1.668813594844457668e+02 9.619050891478865495e+00 -4.319424372802085799e+01 -4.045938759727615519e+01
2.020000000000000000e+02 1.721705509704536841e+00 -4.683598046216408406e-01 1.634328234589408879e+01 -1.319372715204051616e+01 1.504374152283218962e+02 7.879379406599800184e+00 -4.709294940964126397e+01 -4.023430630415955278e+01
2.080000000000000000e+02 -9.561223219207137802e-02 -1.985120784451061438e+00 1.468302302892555566e+01 -1.061872579137103223e+01 1.432592856301314725e+02 9.116026379526072532e+00 -4.850637034669849612e+01 -3.591537096412794483e+01
2.430000000000000000e+02 -1.893545590748874630e-01 1.086549892966974129e+00 1.769177771445568936e+01 -1.333200310305904246e+01 1.452082577824839404e+02 7.888825514458840615e+00 -4.912790796517107594e+01 -3.989208221926703146e+01
2.900000000000000000e+02 3.465546102259756678e-01 3.361393769138234067e+00 1.371235643782716629e+01 -1.069530980949225452e+01 1.561169588937112565e+02 8.778108322080029779e+00 -4.866341921752014343e+01 -4.049280410368169214e+01
3.220000000000000000e+02 -2.665813866629100914e-01 1.161867859021931793e+00 1.873008644664134437e+01 -1.387785766085897343e+01 1.370959048166262733e+02 8.299104614413989722e+00 -4.906401557107584921e+01 -4.041254900465636979e+01
3.320000000000000000e+02 3.202537285888057417e-01 1.384225831178724331e+00 1.383048446678658472e+01 -1.156092631288592010e+01 1.401721432341524007e+02 9.601493915896103459e+00 -4.952072368281026371e+01 -4.017200621628317947e+01
3.370000000000000000e+02 -1.362808274051843016e+00 1.379737206840518926e+00 1.815377879400200811e+01 -1.565152511535605484e+01 1.315725413959776233e+02 7.937484999552689935e+00 -4.801548164388415074e+01 -4.046752172730494834e+01
3.430000000000000000e+02 -1.486810380224642625e+00 2.365517795846765026e+00 1.866029386244081678e+01 -1.477352567716397758e+01 1.306127239825142397e+02 6.377683263520854240e+00 -4.869297368652651414e+01 -4.049018151035139823e+01
3.510000000000000000e+02 -1.727853002883529276e+00 2.753797312988110146e+00 1.999141960478858593e+01 -1.484709729184731586e+01 1.301516086872537983e+02 6.375266847393769254e+00 -4.847641433036701386e+01 -4.049775052251263929e+01
3.840000000000000000e+02 1.352792261018490871e-01 2.379113864220300023e+00 1.146912785348764530e+01 -1.629934622007014156e+01 1.312178865470460494e+02 9.406730126901768685e+00 -4.806479834346317404e+01 -4.048122936602695887e+01
3.960000000000000000e+02 -7.429094511758254082e-01 1.205675245490366310e+00 8.249566250913623833e+00 -1.231843792047880015e+01 1.303538743444740646e+02 9.996058731687163856e+00 -5.013828745563053246e+01 -4.041734187370862230e+01
4.690000000000000000e+02 -1.532774733196354600e+00 2.084899952498395326e+00 4.760223374905059757e+00 -1.138782418732104595e+01 1.311840186791008307e+02 1.112286875395742314e+01 -5.005395674803050099e+01 -4.045983680136715321e+01
4.820000000000000000e+02 -1.259650051913667967e+00 4.543166398628826208e+00 1.194082091661691436e+00 -1.449587806608215246e+01 1.345528424023740115e+02 1.179098611156487308e+01 -4.970423504182360119e+01 -3.843041261046883506e+01
4.860000000000000000e+02 -3.339551684810075471e+00 2.883689145276538746e+00 3.941475493140259800e+00 -1.675806110410741923e+01 1.326848633485764708e+02 1.062320062198189063e+01 -4.832301934754276118e+01 -3.771346465453339647e+01
4.940000000000000000e+02 -4.364116058875175952e+00 4.358368764098808690e+00 1.657799089134535109e+00 -1.398295949374640124e+01 1.356530762680935993e+02 1.113634759750576997e+01 -4.983179845799746488e+01 -4.033096189696917833e+01
5.110000000000000000e+02 -3.424995291795409624e+00 4.944645858849374243e+00 -4.874144120662045054e+00 -1.752563609888097673e+01 1.303490174774171635e+02 1.334611111912031767e+01 -4.856674405586829124e+01 -3.703573795963665560e+01
5.920000000000000000e+02 -4.665955946197255955e+00 2.477756641435471252e+00 -1.965072386833712059e+01 -1.971829564659160283e+01 1.430841823714090424e+02 1.709325166444425292e+01 -4.801821267157298934e+01 -4.043434606180476010e+01
6.390000000000000000e+02 -4.738750366154802052e+00 1.874103872746911037e+00 -1.154689834947685512e+01 -1.472802492012811371e+01 1.357299075208092063e+02 1.524433605279501158e+01 -4.989051805801586426e+01 -4.044648902079081410e+01
6.490000000000000000e+02 -4.971383312597184911e+00 4.700023212215879376e+00 -1.218067146162047720e+01 -1.693046203606287037e+01 1.303921744959270654e+02 1.604563599046098332e+01 -4.907717592608567259e+01 -4.044053691447973620e+01
6.830000000000000000e+02 -4.859894613383839435e+00 4.980006110285116527e+00 -9.518686797648044262e+00 -1.723117527355803347e+01 1.300033019226170552e+02 1.511575636986597360e+01 -4.930938373439318667e+01 -4.041911441853277154e+01
7.610000000000000000e+02 -4.459926367530560043e+00 4.095997203097786254e+00 -1.993397120573029824e+01 -1.747507374667577196e+01 1.310229562524116886e+02 1.837786710782625477e+01 -4.913936079270904855e+01 -4.041369143830964816e+01
7.660000000000000000e+02 -4.976377603078679712e+00 4.985274738495828473e+00 -1.531041247912632741e+01 -1.719794410594441203e+01 1.307986385270920664e+02 1.661207591629490565e+01 -4.914835726684366080e+01 -4.049785292019297600e+01
7.930000000000000000e+02 -4.996836799521290118e+00 3.797217931789788725e+00 -1.732906649596161230e+01 -1.861225575942399502e+01 1.300060470118907858e+02 1.780274466916513632e+01 -4.912324826710761272e+01 -4.045492530865649172e+01
7.940000000000000000e+02 -4.926462799384248470e+00 2.599813295014671510e+00 -1.351265438340958269e+01 -1.829228501233627568e+01 1.300551834954413550e+02 1.616545121130489449e+01 -4.869937315354249563e+01 -4.040137917200097206e+01
8.080000000000000000e+02 -4.915554511616191391e+00 3.051743306567648695e+00 -1.406636649671458628e+01 -1.846561669829645069e+01 1.300723373292280769e+02 1.665186677308319574e+01 -4.899094430575375725e+01 -4.038545230054617008e+01
8.180000000000000000e+02 -4.982237993061691128e+00 2.537658832994010183e+00 -1.532100895228234805e+01 -1.831200069745997183e+01 1.312406041481286252e+02 1.700876478605617947e+01 -4.883152998925760357e+01 -4.049866509584378349e+01
8.230000000000000000e+02 -4.940275898846092417e+00 3.044779340134271983e+00 -1.585418181978307928e+01 -1.956833987233525463e+01 1.300065012050757787e+02 1.716570361391275767e+01 -4.833410736925717543e+01 -4.035150514465252769e+01
8.660000000000000000e+02 -4.999999644267946408e+00 2.444253256639578709e+00 -1.726009879680449899e+01 -1.947425223047012111e+01 1.300248469966517177e+02 1.759740875502007285e+01 -4.829189957941183309e+01 -4.049904250956532792e+01
8.710000000000000000e+02 -4.993539629098605381e+00 1.961183330147525439e+00 -1.872012727625313744e+01 -2.001924934403560385e+01 1.303756156846948215e+02 1.800786870427234021e+01 -4.819503898203313952e+01 -4.039792431051482424e+01
9.000000000000000000e+02 -4.992438772005758807e+00 1.706684040932413993e+00 -1.909216813781724653e+01 -1.958373742800287687e+01 1.300196551059401031e+02 1.831621468643049155e+01 -4.835080209272217644e+01 -4.045939547229914268e+01
9.390000000000000000e+02 -4.996704203127741550e+00 6.613482659571818800e-01 -1.959530557322039002e+01 -1.883991145282388757e+01 1.301537877620313850e+02 1.840595700401233614e+01 -4.873097313630768923e+01 -4.044623308411769358e+01
9.620000000000000000e+02 -4.986701965637061917e+00 6.089274877395336460e-01 -1.976393866855162429e+01 -1.925495795571566404e+01 1.303335129838445425e+02 1.853460423942901869e+01 -4.847378971755723853e+01 -4.049370723504453906e+01
1.003000000000000000e+03 -4.999699076443458345e+00 -4.937008878307658222e-02 -1.960511890243100552e+01 -1.955862471941816594e+01 1.300217728389331171e+02 1.846543392891945246e+01 -4.832270737214322054e+01 -4.049956382048663528e+01
1.005000000000000000e+03 -4.998567035788888724e+00 1.874838022915259472e-01 -1.960621651949784550e+01 -1.961403631770191325e+01 1.302421935359221266e+02 1.842539949326246074e+01 -4.832485164215371753e+01 -4.049809174775078446e+01
1.010000000000000000e+03 -4.999429029958567305e+00 1.550454064903057372e-01 -1.976526662896358033e+01 -1.987226812688165722e+01 1.300226112964273000e+02 1.857441241036264046e+01 -4.823517766070811774e+01 -4.049292887887715864e+01
1.021000000000000000e+03 -4.999502412975786569e+00 4.696609791106300946e-01 -1.974169265890127178e+01 -1.962457332347838701e+01 1.300042808362584594e+02 1.846975446564245971e+01 -4.835176323224747108e+01 -4.047950014258221074e+01
1.028000000000000000e+03 -4.979515345535887150e+00 2.353337799489167992e-01 -1.994674557805556958e+01 -1.972985071995896433e+01 1.300216998101367665e+02 1.860531627743491612e+01 -4.834765782926324817e+01 -4.049964074958098337e+01
1.037000000000000000e+03 -4.992399287554811771e+00 3.888625797431686237e-01 -1.983556741459483774e+01 -2.002243324930959290e+01 1.300000532161589035e+02 1.850622693647084205e+01 -4.827571257534066262e+01 -4.049783008531515804e+01
1.071000000000000000e+03 -4.998882395684909774e+00 7.185953727959919490e-01 -1.975986797982190524e+01 -1.990688983223875042e+01 1.300021736535092032e+02 1.850099868548126736e+01 -4.828622189073080051e+01 -4.049472611091112384e+01
1.097000000000000000e+03 -4.997063110040071088e+00 7.076986226544104142e-01 -1.982557052951502641e+01 -2.020161400802589213e+01 1.300008053861538428e+02 1.850985571199989010e+01 -4.819758392915117895e+01 -4.049939416173403117e+01
1.106000000000000000e+03 -4.997197756268126234e+00 5.082049171575970803e-01 -1.990008214116116037e+01 -1.998843548511321799e+01 1.300096556207227536e+02 1.860166973999795204e+01 -4.827707843443733537e+01 -4.049997417615016104e+01
1.116000000000000000e+03 -4.995660573907668933e+00 6.447122399669904524e-01 -1.996425468851829166e+01 -1.983252216393870171e+01 1.300039136586049722e+02 1.860198859751729827e+01 -4.833189982277640695e+01 -4.049979793359766234e+01
1.123000000000000000e+03 -4.996585302819727126e+00 6.815297160852846758e-01 -1.994965906841783365e+01 -1.994046760629791137e+01 1.300026951998104892e+02 1.856506672775617872e+01 -4.828984650734724227e+01 -4.049854768324202325e+01
1.134000000000000000e+03 -4.999540268665490395e+00 5.513415418606513185e-01 -1.997839593338163766e+01 -1.976369022945454645e+01 1.300066911502868834e+02 1.858201831558753270e+01 -4.834882936776995876e+01 -4.048931508464941942e+01
1.142000000000000000e+03 -4.999995006884043747e+00 5.227904766322168939e-01 -1.994055698896421447e+01 -1.994121249275154284e+01 1.300014695182456137e+02 1.858449666269395095e+01 -4.827937918176684917e+01 -4.049865318097210576e+01
1.171000000000000000e+03 -4.999878679779255819e+00 4.091414363172578561e-01 -1.995339904329215130e+01 -1.998110811246046836e+01 1.300005221581888009e+02 1.857741602942044423e+01 -4.827797715732874906e+01 -4.049876749920323959e+01
1.206000000000000000e+03 -4.999153299909319337e+00 4.166772384259100903e-01 -1.995852409883283940e+01 -1.988292482099573633e+01 1.300001375489121926e+02 1.858178510363149272e+01 -4.829507785870714542e+01 -4.049988395577791067e+01
1.212000000000000000e+03 -4.999565263164075901e+00 3.843302684238363298e-01 -1.996478503907904667e+01 -1.994678422382814276e+01 1.300000848812150025e+02 1.858496736239660407e+01 -4.825417149067791911e+01 -4.049986306924798640e+01
1.236000000000000000e+03 -4.998969177409167131e+00 4.443733461932684037e-01 -1.997799395292036095e+01 -1.989893733318446323e+01 1.300024639243885645e+02 1.858676140120952880e+01 -4.828472047678756951e+01 -4.049984669557668582e+01
1.250000000000000000e+03 -4.999777555116160954e+00 5.318001764413367027e-01 -1.998933625864818353e+01 -2.015506526392683995e+01 1.300006311586800507e+02 1.859074831473645517e+01 -4.820079939464071117e+01 -4.049835785455086068e+01
1.264000000000000000e+03 -4.999873638736167081e+00 5.579374470408851039e-01 -1.998908012023868608e+01 -2.014342443274506778e+01 1.300000443241079608e+02 1.857209975434545512e+01 -4.820527484433542043e+01 -4.049897728503476202e+01
1.268000000000000000e+03 -4.999517840824217352e+00 4.220046640714585351e-01 -1.998486154290796435e+01 -2.000475776165724895e+01 1.300000492705364650e+02 1.857532208077133262e+01 -4.825339008913687877e+01 -4.049961360616327966e+01
1.277000000000000000e+03 -4.999846604106596537e+00 4.543427074487400574e-01 -1.999418735839374150e+01 -2.003471549456311962e+01 1.300000018583477015e+02 1.858981147589134864e+01 -4.823053585505559226e+01 -4.049822663623713481e+01
1.302000000000000000e+03 -4.999830642910118250e+00 4.714854102718231132e-01 -1.999838526550501427e+01 -2.005130926037313799e+01 1.300008337987279390e+02 1.859648929956126295e+01 -4.824094571586504543e+01 -4.049985731739814554e+01
1.308000000000000000e+03 -4.999920525808961180e+00 3.846836288358517209e-01 -1.999837519786288809e+01 -2.007096816788120819e+01 1.300002113473365739e+02 1.857779310155121166e+01 -4.821986585032060191e+01 -4.049992461371895303e+01
1.540000000000000000e+03 -4.999787182637353666e+00 4.000469214716311228e-01 -1.999898818344695428e+01 -1.995181189068100025e+01 1.300003720239752454e+02 1.859387588606044872e+01 -4.826749994531253662e+01 -4.049998530751010861e+01
1.566000000000000000e+03 -4.999864884540569321e+00 3.739953686861543503e-01 -1.999913935186885183e+01 -1.994823576261142151e+01 1.300000155206840873e+02 1.859736433209640083e+01 -4.826750499906115266e+01 -4.049999984641231521e+01
