# t,x,y,z,r,h,SDD
0.000000000000000000e+00 -9.943609022945605613e-02 1.547383185928570715e+00 5.145508699692598498e+00 1.880654841671159261e+00 2.677642597983061279e+01 1.294353443882496038e+02
3.000000000000000000e+00 -7.124970625311002337e-01 2.056344984614388027e-01 1.217577885031682294e+00 -3.463831540954591670e+00 2.699011344101336363e+01 1.300249491713778411e+02
1.800000000000000000e+01 -1.968115668299759147e-01 5.125583761742036337e-02 2.843156838823420074e+00 -1.550776938293973450e-01 2.673526133624542922e+01 1.295856270956087997e+02
2.900000000000000000e+01 2.511806202336155369e-01 1.951979458649863441e-01 9.490892232094476633e-01 1.615383289943577605e+00 2.680716665277304855e+01 1.318532092301330181e+02
3.000000000000000000e+01 1.950964145986066045e-01 2.360253582154319130e-01 6.353375598761694665e-01 1.233289501421249712e-01 2.671351818644937737e+01 1.291001388686392772e+02
3.900000000000000000e+01 5.528026295439511517e-03 4.814634279239587977e-01 1.248742158250318868e+00 7.098542483651044677e-01 2.669488329944593374e+01 1.298687640485922543e+02
4.600000000000000000e+01 -3.418282559632432327e-02 7.215408537020739921e-04 1.446314050582496957e+00 -1.353747472024196430e+00 2.648348522451293974e+01 1.319593802118218662e+02
6.400000000000000000e+01 2.922019558666930084e-01 1.646623586031233932e-01 3.736815156691247752e-01 -4.186224479729985792e-01 2.645569875334743415e+01 1.311299523977612864e+02
8.300000000000000000e+01 1.368723722121390207e-01 7.328111603678250097e-02 5.467845917958189528e-01 9.683494839685313771e-02 2.664848520846535607e+01 1.306058954102903726e+02
9.600000000000000000e+01 -7.115171277722237564e-02 1.355128724485691882e-01 4.197596234558719774e-01 3.737932418659820621e-01 2.654489069757430997e+01 1.312608055131958054e+02
1.210000000000000000e+02 -8.051913831325413495e-02 1.724520741525933376e-01 4.392276425555605157e-02 -4.161787857104386201e-02 2.652782336929477580e+01 1.314957439694427421e+02
1.590000000000000000e+02 -1.921136490713514777e-01 2.399988739921753711e-01 3.989685194718926575e-01 2.048762023403359056e-01 2.629825387231614187e+01 1.324472433376059257e+02
1.860000000000000000e+02 -3.693237538246221807e-02 2.260400662414142614e-01 4.581700122407137421e-01 1.756371204011307752e-01 2.631770210197894500e+01 1.323531128862122728e+02
2.190000000000000000e+02 -5.291457784299372774e-02 2.232975407488981545e-01 3.644518451516731705e-01 3.021918084087577561e-01 2.623221030138714127e+01 1.322367149701800031e+02
2.480000000000000000e+02 -6.401486297957012517e-02 2.525339807280388982e-01 5.087908094869202369e-01 -1.632602609778877056e-01 2.623453220922342410e+01 1.323052231988897063e+02
2.490000000000000000e+02 -4.114404046144161387e-02 2.640036477497886835e-01 1.605402497174041043e-01 3.663125881333003653e-01 2.619169714400027615e+01 1.326704865261517057e+02
2.580000000000000000e+02 -3.082459273981587311e-02 2.645395866475256930e-01 1.230110297501283145e-01 2.361018690355563832e-02 2.619473554205735510e+01 1.327228070335858945e+02
2.760000000000000000e+02 -9.386640080933458807e-02 2.386110399394834325e-01 2.981156836715807557e-01 -1.156798186425646996e-02 2.612234744352398153e+01 1.326605422137394328e+02
2.850000000000000000e+02 -6.231683058076195603e-02 2.572936736700202065e-01 1.632077580662895655e-01 -5.924329991942332840e-02 2.613750611486494080e+01 1.327531900707413968e+02
3.460000000000000000e+02 -6.624878632172775950e-02 2.422786526332344204e-01 2.822375502136953429e-01 -1.648002219787657666e-02 2.606373350798765287e+01 1.333305409237686376e+02
3.610000000000000000e+02 -8.438512119869594208e-02 2.364917948677451587e-01 4.648080533592465757e-01 -6.126573643430413552e-02 2.605984010344907276e+01 1.336099835917501935e+02
3.660000000000000000e+02 -7.134528215049922018e-02 2.496550008151336708e-01 5.350430675827502203e-01 1.741566714787029513e-02 2.605417487237717822e+01 1.332907525092749950e+02
3.980000000000000000e+02 -5.526876473340867901e-02 2.487498741481323494e-01 4.487236548995764407e-01 -7.147518661674623353e-03 2.605035997109000689e+01 1.333102669974880712e+02
4.000000000000000000e+02 -6.537798168465558390e-02 2.450448742300753990e-01 3.320805372445306825e-01 -3.998156888509656059e-02 2.610698069253363585e+01 1.331907319934564669e+02
4.140000000000000000e+02 -5.376233017706533168e-02 2.346736884873164841e-01 3.792871819576463244e-01 -2.102527606935549603e-02 2.607755397757938809e+01 1.331843588954885718e+02
4.260000000000000000e+02 -6.196709817814184673e-02 2.340125280312140288e-01 4.064181884810350587e-01 2.100194908985202058e-02 2.608260886306868898e+01 1.332711302843334806e+02
4.300000000000000000e+02 -6.725936639779135640e-02 2.430447521993691629e-01 3.378389320909762072e-01 -4.442191055144309453e-02 2.609435938746203121e+01 1.332600943774363031e+02
4.390000000000000000e+02 -6.951091524787564313e-02 2.425809960283563660e-01 3.761640009516365457e-01 1.724091601058045861e-02 2.609150007733627419e+01 1.332106658979924134e+02
4.490000000000000000e+02 -6.065392075994339993e-02 2.451405324423814591e-01 3.665714155626705884e-01 -5.318937188551411607e-03 2.609156771305913125e+01 1.332607943012211820e+02
4.770000000000000000e+02 -6.564798065362893731e-02 2.404648042418749410e-01 3.982762225916000043e-01 6.719342267918773648e-03 2.606579051772612132e+01 1.333049336815147115e+02
4.830000000000000000e+02 -6.234828662887288014e-02 2.426749253778378301e-01 3.783662330275783803e-01 -3.183135745426213942e-02 2.608205837814064765e+01 1.332732100610214445e+02
5.140000000000000000e+02 -6.477709342116112767e-02 2.417790442400042650e-01 4.234645648741423019e-01 -3.218599769121385443e-03 2.606511588298249293e+01 1.332755727504289496e+02
5.250000000000000000e+02 -6.286074966317517498e-02 2.420938843807793339e-01 3.811748396028603048e-01 -2.258998380849560478e-02 2.607618473613398891e+01 1.332478210755685950e+02
5.330000000000000000e+02 -6.255569613929208572e-02 2.410049453890756588e-01 4.091054277422111474e-01 -4.687320621098957016e-03 2.607477494200006163e+01 1.332400061877994233e+02
1.222000000000000000e+03 -7.157564276262902425e-02 2.418061900847198742e-01 3.235062931121361895e-01 -3.779388214690020814e-03 2.609168380758556083e+01 1.347105972898305595e+02
1.223000000000000000e+03 -6.571633329974672921e-02 2.327228165241900237e-01 4.643397907705263394e-01 -3.724947291369651303e-02 2.606951687072307422e+01 1.347307648687836377e+02
1.275000000000000000e+03 -6.849403523263709881e-02 2.476867838110347331e-01 4.055163139760282753e-01 -3.792828529572704610e-02 2.607438741959683171e+01 1.352066631834172767e+02
1.294000000000000000e+03 -6.449520833979921486e-02 2.441470140433272262e-01 4.180079404460581571e-01 -7.935210357091371930e-03 2.607651123152901107e+01 1.349418134297310985e+02
1.303000000000000000e+03 -6.301339893316242058e-02 2.409657812954283385e-01 4.564322847015445106e-01 -3.305379829474032471e-02 2.608410888417613194e+01 1.354820814501283905e+02
1.327000000000000000e+03 -6.880189277239577572e-02 2.399970559248314483e-01 4.611295671197690460e-01 9.009302022027314283e-03 2.606289702255190832e+01 1.356054111542124474e+02
1.333000000000000000e+03 -6.603673349624294975e-02 2.400437769582697833e-01 4.526023680030147878e-01 -2.067099538528925640e-03 2.607664091821590802e+01 1.355276532652630124e+02
